1000
0 55 55
29 23 13
47 2 34
77 46 98
72 36 27
13 15 75
90 72 20
63 97 5
2 32 95
8 13 21
15 28 37
75 28 25
31 15 100
35 57 4
16 81 32
16 5 23
85 86 56
46 13 17
92 55 47
19 77 72
40 29 19
18 13 17
10 36 76
70 67 75
60 86 100
71 8 8
68 76 65
0 15 62
2 64 93
92 80 87
11 69 57
38 55 3
14 19 22
93 94 28
66 90 100
43 54 4
57 61 15
69 82 83
1 95 53
76 10 62
97 87 65
67 7 97
88 98 54
53 66 72
5 47 66
40 58 61
8 61 3
23 58 58
81 3 94
73 41 26
9 72 95
37 62 67
47 8 15
88 17 98
35 45 55
36 17 39
74 86 67
57 76 70
7 33 36
70 42 40
53 5 47
40 31 94
44 26 6
25 60 20
79 70 92
47 71 80
82 70 56
82 35 76
25 74 22
57 92 78
74 32 14
64 85 30
25 69 7
91 86 25
43 47 33
82 86 16
48 21 33
73 66 59
70 72 24
83 81 21
16 66 96
91 9 77
72 53 57
45 58 33
0 89 69
24 26 19
100 60 84
44 71 96
100 23 20
46 60 37
42 67 14
89 99 82
41 97 68
81 64 71
66 69 9
38 73 58
34 72 75
11 78 3
95 53 33
73 29 39
11 72 92
65 83 43
75 71 84
67 54 42
1 22 6
55 37 9
45 58 69
42 35 78
8 64 34
96 28 17
36 60 91
23 34 79
92 67 54
10 34 82
0 53 42
75 83 75
27 5 38
69 39 59
3 8 88
29 11 42
14 36 81
97 69 86
12 100 82
34 21 80
90 93 62
95 11 94
13 17 1
63 42 23
53 28 74
60 2 68
52 71 59
34 27 91
88 56 9
75 18 15
66 22 24
32 71 93
87 28 17
59 22 76
54 72 3
20 28 98
97 37 34
60 38 13
76 82 99
65 18 82
18 57 73
97 14 17
46 60 87
60 68 69
75 40 70
43 19 26
94 30 67
99 8 47
67 58 20
17 52 13
58 91 89
89 41 20
99 3 95
99 60 89
28 13 37
51 16 84
22 14 70
68 13 87
82 45 77
19 71 93
52 79 8
13 35 36
14 60 30
81 38 96
50 58 100
51 57 31
73 5 80
44 4 23
7 83 47
56 35 42
96 2 72
36 4 21
89 80 48
98 13 29
87 57 12
17 69 21
81 64 70
12 9 17
33 44 96
37 54 52
9 77 77
53 86 23
71 75 25
59 46 2
11 92 53
32 77 66
2 86 38
78 28 94
63 39 40
46 38 10
16 88 96
54 98 4
78 100 69
85 33 65
78 53 78
68 55 29
91 25 16
4 80 61
24 57 38
28 62 38
56 80 4
11 30 40
12 24 3
78 12 26
1 55 20
36 98 27
79 37 2
19 67 40
86 75 33
85 74 65
84 30 23
36 98 30
96 44 13
43 41 16
75 68 11
23 70 19
86 54 55
51 72 5
72 17 12
3 53 40
85 85 34
16 11 38
67 45 63
95 88 7
75 97 59
42 12 84
26 7 46
84 70 75
69 26 21
35 71 80
65 42 19
47 92 81
26 20 90
10 67 92
6 36 66
91 41 56
90 78 19
20 73 91
22 15 99
91 96 80
51 66 33
84 63 8
56 30 6
73 60 73
29 25 59
91 63 85
5 4 81
24 81 77
73 93 3
84 32 46
51 22 21
84 93 54
38 6 39
45 4 63
86 82 81
44 65 58
15 70 53
32 81 7
64 82 82
0 92 67
16 20 13
98 83 39
14 98 61
57 27 68
22 97 31
78 23 25
57 26 71
65 46 89
70 57 74
95 44 79
71 75 75
44 7 12
78 12 41
25 12 74
22 89 58
0 20 25
38 27 52
41 48 10
4 62 87
11 45 47
78 56 13
89 42 1
100 89 96
74 86 76
84 71 12
91 88 3
4 99 34
34 92 25
17 79 13
41 32 82
76 70 22
2 67 55
50 20 90
35 68 35
13 63 44
44 52 32
57 48 78
9 78 90
97 16 13
38 42 11
90 69 60
61 11 97
33 61 4
27 39 58
51 26 61
77 97 48
43 99 74
29 36 86
12 83 57
74 27 60
72 82 11
67 19 16
50 69 97
100 18 7
45 70 62
91 10 23
99 62 71
74 76 22
44 52 32
43 97 35
36 93 63
15 29 66
1 87 21
90 69 64
3 89 85
21 94 36
66 68 37
37 87 8
80 2 41
99 99 99
2 98 62
85 73 70
87 47 83
74 83 52
62 44 84
38 20 36
57 75 37
51 82 15
7 54 41
5 21 40
30 15 68
63 47 47
100 6 31
94 30 1
41 58 27
4 45 66
52 68 7
84 98 25
38 87 35
40 79 88
100 39 9
12 55 55
84 1 80
98 96 13
6 10 20
17 24 45
32 94 82
37 24 17
25 23 43
37 77 96
94 30 5
22 45 39
84 69 3
61 34 14
55 98 32
83 45 78
17 37 79
40 76 92
55 55 17
54 83 44
35 73 75
47 85 3
81 45 30
85 67 94
68 31 60
56 92 59
8 67 44
94 41 86
15 19 12
29 75 87
30 64 56
73 4 82
58 20 22
75 53 41
61 88 67
91 24 30
50 65 61
1 45 6
20 46 39
28 43 83
56 61 7
3 40 45
31 43 35
70 44 46
77 75 53
17 78 67
35 64 17
83 77 15
82 19 81
84 24 17
7 13 7
20 14 88
84 79 64
85 93 63
11 99 88
98 41 60
59 43 87
10 55 27
66 89 30
24 57 9
83 41 63
97 58 73
42 91 58
70 93 6
79 46 84
20 56 69
46 59 25
51 65 58
3 83 27
35 16 42
90 70 34
15 27 85
38 91 22
75 96 31
91 10 57
65 39 45
82 56 91
55 82 52
4 47 1
35 22 38
87 12 14
1 23 28
67 48 15
37 65 24
38 4 40
44 68 69
63 90 6
14 84 31
6 56 93
76 23 47
18 69 54
6 90 7
55 3 20
90 63 36
95 85 81
16 79 40
0 39 48
100 33 89
74 32 16
83 27 46
23 7 57
16 93 89
6 37 12
3 75 98
42 25 39
99 58 92
17 42 4
74 35 78
57 38 52
6 54 76
42 13 34
27 81 7
47 39 84
91 35 47
6 53 79
51 61 95
100 90 10
85 85 71
69 91 72
93 62 100
23 21 97
75 91 13
69 77 100
16 39 79
17 75 28
96 10 58
6 33 77
98 85 38
30 41 28
28 11 21
87 21 91
43 89 76
60 24 94
95 11 94
29 16 45
6 27 73
97 76 47
3 98 22
76 41 73
100 74 54
81 40 43
21 61 42
23 35 44
66 25 14
10 55 4
88 7 40
48 16 37
37 73 10
80 78 67
48 19 14
29 37 5
60 81 24
80 74 70
81 53 85
45 83 96
10 22 75
72 9 77
54 70 59
95 82 27
62 90 75
46 4 73
90 37 82
44 88 41
62 18 5
67 53 15
1 81 66
93 54 6
49 86 5
81 69 83
83 39 80
90 22 23
5 95 26
93 91 57
9 67 98
77 67 94
75 63 74
52 44 12
1 97 39
90 67 82
91 5 25
15 90 92
8 59 6
97 10 91
82 79 96
54 6 54
72 40 83
7 21 17
37 13 100
14 89 2
53 90 67
28 95 81
15 100 82
94 62 11
33 17 14
56 43 8
51 36 99
73 44 1
94 20 21
10 28 72
75 69 6
82 47 30
9 70 2
93 85 66
84 74 99
69 18 21
2 96 76
90 16 86
38 13 25
1 69 27
88 55 34
99 95 91
10 37 85
2 76 15
3 96 47
20 71 63
14 12 58
85 7 21
97 40 88
21 89 97
26 63 84
55 71 46
96 46 9
81 38 43
7 95 21
23 60 91
34 64 3
59 75 32
99 91 5
34 29 29
69 11 77
94 29 22
84 63 23
7 38 80
24 8 15
75 93 5
81 88 84
56 48 75
46 100 56
62 17 79
57 41 42
53 61 85
33 18 17
4 8 40
48 100 27
5 85 97
75 46 17
57 98 14
39 5 38
84 90 1
74 92 31
35 55 63
26 54 1
74 73 98
82 65 54
25 25 97
70 59 36
66 17 16
62 24 38
28 9 52
30 94 18
48 62 3
34 78 66
17 26 74
23 100 5
66 92 12
36 64 15
65 34 26
76 86 17
38 18 100
99 10 38
85 55 91
67 14 93
93 73 87
92 100 81
75 33 74
15 74 4
24 24 77
66 98 21
46 13 67
79 67 41
60 4 61
70 16 5
81 4 75
77 41 62
86 41 9
41 35 64
19 54 59
95 22 15
100 64 45
55 82 21
55 12 25
30 29 57
28 46 55
4 64 60
82 42 37
77 88 1
28 2 36
35 8 16
6 54 76
5 77 17
47 27 8
79 7 62
100 91 42
29 35 24
6 57 10
76 85 40
2 9 3
3 22 39
9 100 8
68 23 92
84 48 1
8 2 87
83 15 78
56 6 32
28 89 30
14 59 83
55 47 53
12 59 63
22 20 89
49 60 88
52 69 42
3 31 48
22 41 17
37 56 98
53 85 73
49 48 55
17 89 70
72 68 30
54 99 95
19 87 86
33 84 61
45 38 11
40 32 40
64 20 30
32 47 87
20 2 14
34 74 94
98 23 27
17 73 94
93 8 68
65 89 98
96 46 59
67 12 75
1 7 59
100 47 93
8 58 1
79 88 11
2 72 59
13 15 91
49 32 95
85 13 84
87 20 40
45 54 78
95 85 18
57 64 92
92 3 36
91 2 82
90 48 65
69 62 92
62 17 11
7 84 93
10 9 17
87 70 20
13 99 9
54 31 99
93 81 97
61 12 61
4 92 13
41 20 71
55 94 27
38 4 1
99 70 27
80 66 44
43 48 99
88 93 40
47 68 48
23 7 39
91 2 11
5 77 3
55 93 15
96 31 25
74 98 45
19 77 96
36 41 40
52 27 39
8 87 8
32 46 61
23 66 83
22 64 65
87 66 72
41 9 44
70 29 55
60 57 42
13 21 19
6 45 79
60 100 78
49 97 30
0 27 62
49 79 11
50 91 58
75 55 81
12 71 89
94 13 95
48 46 58
100 55 38
96 23 25
32 38 20
12 72 15
100 66 7
48 55 54
76 47 70
18 95 60
79 12 10
61 18 70
92 33 47
89 74 71
69 96 3
86 33 83
30 65 81
6 26 84
55 4 97
51 52 94
0 2 42
6 12 13
23 65 87
67 68 52
56 87 92
50 78 61
63 73 6
60 34 72
33 6 28
36 54 38
25 18 17
16 96 54
57 85 91
55 2 71
64 25 83
65 77 35
0 99 43
48 64 69
35 35 60
61 6 25
19 61 77
69 96 28
95 95 17
93 73 82
52 91 16
31 20 6
53 97 9
40 29 7
45 19 56
43 72 63
85 12 5
84 95 42
52 20 71
67 67 62
4 99 54
82 97 70
80 60 28
46 71 15
60 98 27
19 53 6
2 1 3
73 81 29
57 75 18
82 87 30
13 55 55
96 95 29
17 6 40
4 64 27
16 48 34
79 13 6
73 7 6
99 70 86
2 42 20
29 21 13
59 72 79
62 46 8
59 30 79
17 55 29
19 57 99
0 42 24
20 62 88
16 58 42
37 17 62
70 88 73
88 40 84
53 80 34
100 37 76
22 21 46
100 31 11
51 61 55
11 73 54
80 15 95
25 24 95
19 59 93
15 81 30
20 46 63
37 33 85
16 74 2
28 75 45
58 63 62
10 38 38
34 16 89
52 90 42
63 38 11
11 10 80
7 62 58
33 34 86
77 91 2
38 10 22
55 58 79
98 87 25
66 15 25
97 61 94
50 22 62
52 37 89
4 1 83
51 46 69
92 40 17
20 11 46
44 35 57
83 21 71
52 56 84
72 21 28
1 94 5
83 89 31
92 38 94
39 94 64
95 29 87
12 98 95
5 34 58
41 85 26
70 15 34
42 33 8
94 29 61
18 56 55
77 61 9
15 48 19
55 77 36
73 35 23
29 94 95
7 56 41
58 86 97
54 28 35
89 48 41
87 37 39
39 68 98
14 30 25
75 97 39
72 73 82
37 21 1
36 42 44
25 61 69
75 79 54
91 47 20
39 42 75
33 55 85
53 3 4
91 54 60
39 62 19
97 48 53
98 4 46
31 32 20
38 96 19
98 31 67
66 30 100
61 11 61
56 1 93
54 86 32
36 32 85
2 94 46
31 9 89
31 9 97
40 5 31
76 27 10
59 60 85
22 84 76
65 69 32
47 25 9
43 82 22
17 53 33
14 63 94
10 33 21
13 64 55
100 63 3
12 3 26
1 28 70
2 36 39
13 82 4
75 76 37
52 27 3
50 45 96
64 15 25
84 26 67
0 30 70
97 82 93
1 73 59
29 42 62
59 75 48
49 18 95
84 79 77
58 27 76
57 14 13
37 2 41
55 80 45
73 94 45
100 1 1
77 18 99
59 98 12
74 13 7
55 48 15
81 8 37
31 11 98
19 15 33
52 68 11
70 35 40
8 61 41
42 33 100
25 54 15
57 53 73
51 76 26
63 74 95
55 32 37
52 23 15
15 87 67
20 24 95
40 47 81
41 88 72
34 85 73
22 95 30
30 17 52
48 48 69
71 28 11
88 58 41
82 77 39
79 6 20
89 11 13
37 29 63
75 9 23
42 93 80
17 31 57
12 8 16
29 81 85
57 76 73
84 58 56